4294967278,29
4294967278,28
4294967278,27
4294967278,160
4294967278,36
4294967278,35
4294967278,34
4294967278,33
4294967278,32
4294967278,31
4294967278,30
4294967279,27
4294967279,26
4294967279,25
4294967279,24
4294967279,22
4294967279,289
4294967279,20
4294967279,19
4294967279,17
4294967279,16
4294967279,15
4294967279,14
4294967279,13
4294967279,12
4294967279,11
4294967279,10
4294967294,1423
4294967278,158
4294967278,310
4294967278,309
8,5
4294967278,308
8,4
4294967278,156
8,3
8,2
8,1
4294967278,307
4294967278,155
4294967278,153
4294967278,306
4294967278,305
7,5
4294967278,304
7,4
4294967278,151
7,3
7,2
7,1
4294967278,303
4294967294,419
4294967278,150
4294967279,301
4294967278,302
4294967279,300
4294967279,299
4294967278,301
4294967278,300
4294967279,298
4294967294,392
4294967294,393
4294967294,46
4294967294,389
4294967294,115
4294967294,114
4294967278,299
4294967278,298
4294967279,297
4294967294,1078
4294967294,1422
4294967294,1066
4294967294,390
4294967294,416
4294967294,120
4294967294,441
4294967294,187
4294967278,297
4294967278,296
6,5
4294967278,295
6,4
6,3
6,2
6,1
4294967278,294
4294967294,41
4294967294,43
4294967294,425
4294967294,45
4294967294,44
4294967278,293
4294967278,292
4294967279,139
5,5
4294967294,99
4294967294,76
4294967294,51
4294967294,53
4294967294,470
4294967279,137
5,4
5,3
5,2
5,1
4294967279,296
0,7
4294967294,82
4294967279,275
4294967294,91
4294967294,90
4294967294,87
4294967294,86
4294967294,84
4294967294,158
4294967279,295
4294967279,134
4294967278,291
4294967294,5
4294967279,274
4294967294,107
4294967294,81
4294967294,50
4294967294,9
4294967294,8
4294967278,260
4294967278,0
4294967294,7
4294967279,294
4294967279,260
4294967279,0
4294967294,22
4294967294,127
4294967294,126
4294967294,1163
4294967294,11
4294967278,132
4294967278,131
4294967278,130
4294967278,129
4294967278,128
4294967278,127
4294967278,126
4294967278,125
4294967278,124
4294967278,123
4294967278,122
4294967278,121
4294967278,120
4294967278,119
4294967278,118
4294967278,117
4294967278,116
4294967278,115
4294967278,114
4294967278,113
4294967278,112
4294967278,111
4294967278,110
4294967278,109
4294967278,108
4294967278,107
4294967278,106
4294967278,105
4294967278,104
4294967278,103
4294967278,102
4294967278,101
4294967278,100
4294967278,99
4294967278,98
4294967278,97
4294967278,96
4294967278,95
4294967278,94
4294967278,93
4294967278,92
4294967278,91
4294967278,90
4294967278,89
4294967278,87
4294967278,86
4294967278,85
4294967278,84
4294967278,83
4294967278,82
4294967278,81
4294967278,80
4294967278,79
4294967278,78
4294967278,77
4294967278,76
4294967278,75
4294967278,74
4294967278,73
4294967278,72
4294967278,71
4294967278,70
4294967278,69
4294967278,68
4294967278,67
4294967278,66
4294967278,65
4294967278,64
4294967278,63
4294967278,62
4294967278,61
4294967278,60
4294967278,59
4294967278,58
4294967278,57
4294967278,56
4294967278,55
4294967278,54
4294967278,53
4294967278,52
4294967278,51
4294967278,50
4294967278,49
4294967278,48
4294967278,47
4294967278,46
4294967278,45
4294967278,44
4294967278,43
4294967278,42
4294967278,41
4294967278,40
4294967278,39
4294967278,38
4294967278,37
4294967279,23
4294967279,21
4294967279,18
4294967279,9
4294967279,8
4294967279,7
4294967279,6
4294967279,5
4294967279,4
4294967294,12
4294967294,18
4294967294,68
4294967294,17
4294967294,42
4294967294,67
4294967294,92
4294967294,88
4294967294,85
4294967294,2
4294967294,186
4294967294,1
4294967294,156
4294967294,29
4294967294,414
4294967294,28
4294967294,1084
4294967294,27
4294967294,471
4294967294,25
4294967294,1421
4294967294,26
4294967294,418
4294967294,52
4294967294,437
4294967294,0
4294967294,429
4294967294,83
4294967294,93
4294967294,94
4294967294,95
